<?xml version="1.0" encoding="UTF-8"?>
<map version="1.0" tiledversion="1.0.3" orientation="orthogonal" renderorder="right-down" width="28" height="10" tilewidth="8" tileheight="8" nextobjectid="1">
 <tileset firstgid="1" source="Tiles.tsx"/>
 <layer name="Tile Layer 1" width="28" height="10">
  <data encoding="csv">
49,32,32,32,32,32,32,32,32,32,32,32,32,32,32,32,32,32,32,32,32,32,32,32,32,32,32,50,
51,49,32,32,32,32,32,32,32,32,32,32,32,32,32,32,32,32,32,32,32,32,32,32,32,32,50,51,
51,51,31,31,31,31,31,31,31,31,31,31,31,31,31,31,31,31,31,31,31,31,31,31,31,31,51,51,
51,51,31,31,51,51,51,51,51,31,31,51,51,51,51,51,51,31,31,51,51,51,51,51,31,31,51,51,
51,51,31,31,51,51,51,51,51,31,31,51,51,51,51,51,51,31,31,51,51,51,51,51,31,31,51,51,
51,51,31,31,51,51,51,51,51,31,31,51,51,51,51,51,51,31,31,51,51,51,51,51,31,31,51,51,
51,51,31,31,51,51,51,51,51,31,31,51,51,51,51,51,51,31,31,51,51,51,51,51,31,31,51,51,
51,51,31,31,31,31,31,31,31,31,31,31,31,31,31,31,31,31,31,31,31,31,31,31,31,31,51,51,
51,33,32,32,32,32,32,32,32,32,32,32,32,32,32,32,32,32,32,32,32,32,32,32,32,32,18,51,
33,32,32,32,32,32,32,32,32,32,32,32,32,32,32,32,32,32,32,32,32,32,32,32,32,32,32,18
</data>
 </layer>
</map>
